201
2
0.01
4.000000
4.040100
4.080400
4.120900
4.161600
4.202500
4.243600
4.284900
4.326400
4.368100
4.410000
4.452100
4.494400
4.536900
4.579600
4.622500
4.665600
4.708900
4.752400
4.796100
4.840000
4.884100
4.928400
4.972900
5.017600
5.062500
5.107600
5.152900
5.198400
5.244100
5.290000
5.336100
5.382400
5.428900
5.475600
5.522500
5.569600
5.616900
5.664400
5.712100
5.760000
5.808100
5.856400
5.904900
5.953600
6.002500
6.051600
6.100900
6.150400
6.200100
6.250000
6.300100
6.350400
6.400900
6.451600
6.502500
6.553600
6.604900
6.656400
6.708100
6.760000
6.812100
6.864400
6.916900
6.969600
7.022500
7.075600
7.128900
7.182400
7.236100
7.290000
7.344100
7.398400
7.452900
7.507600
7.562500
7.617600
7.672900
7.728400
7.784100
7.840000
7.896100
7.952400
8.008900
8.065600
8.122500
8.179600
8.236900
8.294400
8.352100
8.410000
8.468100
8.526400
8.584900
8.643600
8.702500
8.761600
8.820900
8.880400
8.940100
9.000000
9.060100
9.120400
9.180900
9.241600
9.302500
9.363600
9.424900
9.486400
9.548100
9.610000
9.672100
9.734400
9.796900
9.859600
9.922500
9.985600
10.048900
10.112400
10.176100
10.240000
10.304100
10.368400
10.432900
10.497600
10.562500
10.627600
10.692900
10.758400
10.824100
10.890000
10.956100
11.022400
11.088900
11.155600
11.222500
11.289600
11.356900
11.424400
11.492100
11.560000
11.628100
11.696400
11.764900
11.833600
11.902500
11.971600
12.040900
12.110400
12.180100
12.250000
12.320100
12.390400
12.460900
12.531600
12.602500
12.673600
12.744900
12.816400
12.888100
12.960000
13.032100
13.104400
13.176900
13.249600
13.322500
13.395600
13.468900
13.542400
13.616100
13.690000
13.764100
13.838400
13.912900
13.987600
14.062500
14.137600
14.212900
14.288400
14.364100
14.440000
14.516100
14.592400
14.668900
14.745600
14.822500
14.899600
14.976900
15.054400
15.132100
15.210000
15.288100
15.366400
15.444900
15.523600
15.602500
15.681600
15.760900
15.840400
15.920100
16.000000
